60,67,76,51,27,47,80,63,52,41
67,75,79,76,27,30,70,23,27,52
76,79,12,75,41,8,6,15,49,12
51,76,75,42,56,69,13,20,9,22
27,27,41,56,11,46,61,80,7,8
47,30,8,69,46,53,46,64,31,75
80,70,6,13,61,46,44,70,47,72
63,23,15,20,80,64,70,79,61,61
52,27,49,9,7,31,47,61,2,46
41,52,12,22,8,75,72,61,46,61